0.000000000000000000e+00 2.668539325842696486e-01 0.000000000000000000e+00 3.104575163398692883e-01 0.000000000000000000e+00 2.905198776758409762e-01 0.000000000000000000e+00 0.000000000000000000e+00 0.000000000000000000e+00 0.000000000000000000e+00
3.184357541899441313e-01 0.000000000000000000e+00 5.229357798165137350e-01 0.000000000000000000e+00 0.000000000000000000e+00 0.000000000000000000e+00 0.000000000000000000e+00 2.579185520361991224e-01 0.000000000000000000e+00 0.000000000000000000e+00
0.000000000000000000e+00 1.320224719101123489e-01 0.000000000000000000e+00 1.535947712418300748e-01 0.000000000000000000e+00 1.437308868501528947e-01 0.000000000000000000e+00 2.126696832579185459e-01 0.000000000000000000e+00 2.919254658385093126e-01
3.910614525139664566e-01 0.000000000000000000e+00 0.000000000000000000e+00 0.000000000000000000e+00 3.783783783783783994e-01 2.140672782874617763e-01 0.000000000000000000e+00 0.000000000000000000e+00 5.600000000000000533e-01 0.000000000000000000e+00
2.905027932960894121e-01 1.460674157303370746e-01 4.770642201834862650e-01 0.000000000000000000e+00 0.000000000000000000e+00 0.000000000000000000e+00 3.376623376623376638e-01 0.000000000000000000e+00 0.000000000000000000e+00 3.229813664596273282e-01
0.000000000000000000e+00 1.320224719101123489e-01 0.000000000000000000e+00 1.535947712418300748e-01 0.000000000000000000e+00 0.000000000000000000e+00 3.051948051948051854e-01 0.000000000000000000e+00 0.000000000000000000e+00 0.000000000000000000e+00
0.000000000000000000e+00 0.000000000000000000e+00 0.000000000000000000e+00 2.026143790849673221e-01 0.000000000000000000e+00 0.000000000000000000e+00 0.000000000000000000e+00 2.805429864253393690e-01 0.000000000000000000e+00 3.850931677018633592e-01
0.000000000000000000e+00 0.000000000000000000e+00 0.000000000000000000e+00 0.000000000000000000e+00 0.000000000000000000e+00 1.681957186544342508e-01 0.000000000000000000e+00 0.000000000000000000e+00 4.400000000000000022e-01 0.000000000000000000e+00
0.000000000000000000e+00 1.544943820224718989e-01 0.000000000000000000e+00 1.797385620915032678e-01 2.972972972972973138e-01 0.000000000000000000e+00 3.571428571428571508e-01 2.488687782805429904e-01 0.000000000000000000e+00 0.000000000000000000e+00
0.000000000000000000e+00 1.685393258426966245e-01 0.000000000000000000e+00 0.000000000000000000e+00 3.243243243243243423e-01 1.834862385321101019e-01 0.000000000000000000e+00 0.000000000000000000e+00 0.000000000000000000e+00 0.000000000000000000e+00
